{"title":"AISearchfile026","location":"cityfiles/AISearchfile026.txt","size":"26","matrix":[[0,"95","88","99","103","36","64","130","98","133","140","178","96","18","68","100","153","98","102","78","36","56","88","92","111","111"],["95",0,"91","92","151","35","93","81","44","74","144","154","93","39","63","169","80","88","37","87","91","46","75","59","113","125"],["88","91",0,"83","139","42","65","37","62","63","107","186","68","11","40","81","89","90","42","109","34","62","87","133","53","148"],["99","92","83",0,"77","11","89","107","54","142","160","190","122","11","95","84","146","89","86","98","67","26","124","47","122","100"],["103","151","139","77",0,"11","54","79","70","61","102","157","93","9","76","116","85","82","43","100","55","49","74","64","94","141"],["36","35","42","11","11",0,"34","107","59","92","77","102","63","83","34","65","54","39","62","29","24","93","34","53","90","64"],["64","93","65","89","54","34",0,"51","114","98","163","205","62","37","62","135","91","95","66","77","82","63","68","55","93","139"],["130","81","37","107","79","107","51",0,"95","128","161","197","182","9","99","51","148","130","121","190","103","58","160","27","190","181"],["98","44","62","54","70","59","114","95",0,"110","140","212","68","22","66","84","103","110","100","82","74","52","62","71","83","122"],["133","74","63","142","61","92","98","128","110",0,"230","257","155","44","117","78","181","141","159","125","156","87","152","68","173","188"],["140","144","107","160","102","77","163","161","140","230",0,"220","223","50","172","158","222","129","206","193","198","136","228","135","185","179"],["178","154","186","190","157","102","205","197","212","257","220",0,"241","51","210","196","280","189","250","278","223","128","272","186","268","127"],["96","93","68","122","93","63","62","182","68","155","223","241",0,"68","130","71","124","86","148","147","156","46","160","30","157","197"],["18","39","11","11","9","83","37","9","22","44","50","51","68",0,"23","26","22","20","73","13","15","40","33","42","26","93"],["68","63","40","95","76","34","62","99","66","117","172","210","130","23",0,"71","156","31","127","135","81","27","117","20","148","116"],["100","169","81","84","116","65","135","51","84","78","158","196","71","26","71",0,"91","58","54","87","78","61","64","72","116","109"],["153","80","89","146","85","54","91","148","103","181","222","280","124","22","156","91",0,"119","175","165","135","112","172","106","180","188"],["98","88","90","89","82","39","95","130","110","141","129","189","86","20","31","58","119",0,"93","74","76","75","70","71","92","132"],["102","37","42","86","43","62","66","121","100","159","206","250","148","73","127","54","175","93",0,"139","152","53","112","56","181","155"],["78","87","109","98","100","29","77","190","82","125","193","278","147","13","135","87","165","74","139",0,"128","38","185","39","180","194"],["36","91","34","67","55","24","82","103","74","156","198","223","156","15","81","78","135","76","152","128",0,"31","127","32","156","136"],["56","46","62","26","49","93","63","58","52","87","136","128","46","40","27","61","112","75","53","38","31",0,"26","129","87","65"],["88","75","87","124","74","34","68","160","62","152","228","272","160","33","117","64","172","70","112","185","127","26",0,"96","147","202"],["92","59","133","47","64","53","55","27","71","68","135","186","30","42","20","72","106","71","56","39","32","129","96",0,"64","80"],["111","113","53","122","94","90","93","190","83","173","185","268","157","26","148","116","180","92","181","180","156","87","147","64",0,"157"],["111","125","148","100","141","64","139","181","122","188","179","127","197","93","116","109","188","132","155","194","136","65","202","80","157",0]],"currentBestA":901239123091209500000,"currentBestB":901239123091209500000,"rawdata":"","rawpos":"","filelocation":"data/AISearchfile026.json"}