{"title":"AISearchfile048","location":"cityfiles/AISearchfile048.txt","size":"48","matrix":[[0,"836","1828","744","2136","1244","528","362","410","608","1107","257","317","1320","521","387","115","1010","781","178","2699","1070","703","467","2108","1479","919","259","1306","375","483","1137","1298","660","445","949","853","779","738","2117","205","715","472","1590","743","330","1499","344"],["836",0,"999","1235","1612","1089","129","188","690","669","2412","290","744","1264","607","636","644","1049","1199","605","1744","1399","803","559","1614","1018","866","1272","1903","335","197","617","1356","820","2339","999","1560","757","2435","701","397","1105","937","557","1473","1094","2145","538"],["1828","999",0,"1087","1362","1094","320","1829","479","469","2165","624","1519","865","1144","1162","950","304","222","1511","1490","699","1025","667","229","1171","1425","273","2377","252","697","610","1480","884","872","546","1157","891","2010","678","1163","1183","1052","1479","400","663","2083","177"],["744","1235","1087",0,"823","1430","1256","252","882","1105","1252","1238","1720","189","1729","617","503","828","631","1051","896","1207","949","444","1961","1122","1291","792","882","1148","882","516","802","1584","1039","959","552","1110","1600","1359","1011","999","849","702","1507","1204","1776","507"],["2136","1612","1362","823",0,"552","623","476","293","712","1950","400","1335","986","166","987","541","1229","554","214","1926","863","1092","1061","1146","838","1735","1486","645","992","655","1159","831","440","1643","216","932","1129","220","2408","1317","927","1119","1995","370","1095","1137","429"],["1244","1089","1094","1430","552",0,"279","328","451","666","2172","1556","685","360","1753","2099","666","582","585","783","2568","503","1341","400","2059","1494","985","83","1698","758","1727","1836","562","2394","271","443","598","1038","1472","2428","1579","1299","1019","973","881","1184","330","1007"],["528","129","320","1256","623","279",0,"939","337","1479","2290","1213","350","803","1282","1453","217","484","420","812","1483","1137","630","262","1240","864","369","1603","1461","879","214","482","667","882","1698","902","674","485","354","1021","604","1100","590","521","384","410","2202","976"],["362","188","1829","252","476","328","939",0,"915","312","947","319","480","826","883","1568","1275","818","311","907","940","331","90","309","1709","188","594","435","642","726","1309","1033","1178","1254","1441","343","741","1038","1828","1467","780","483","107","500","803","269","1857","316"],["410","690","479","882","293","451","337","915",0,"1086","1985","816","483","1143","1058","371","543","723","552","862","2091","456","813","547","969","260","388","325","428","524","943","723","664","478","2085","1214","591","740","1403","1376","1259","325","869","913","847","649","663","780"],["608","669","469","1105","712","666","1479","312","1086",0,"2540","1361","358","1131","526","1845","630","547","983","776","967","649","939","966","1744","1815","623","1051","490","1222","1029","1082","1359","680","424","443","236","318","303","1737","706","833","1673","924","355","827","872","504"],["1107","2412","2165","1252","1950","2172","2290","947","1985","2540",0,"2055","1371","1475","686","1583","1633","1427","2115","2385","2013","982","1497","685","1888","2066","2445","1005","1576","1759","2156","1885","1758","2708","2425","1836","945","825","177","2493","1286","1969","2063","1239","1969","2439","1304","1849"],["257","290","624","1238","400","1556","1213","319","816","1361","2055",0,"790","155","918","953","1280","651","1183","1123","995","1009","180","796","1704","641","1004","410","1057","454","627","815","937","1178","665","548","921","219","567","1197","235","1447","1326","818","442","316","1453","767"],["317","744","1519","1720","1335","685","350","480","483","358","1371","790",0,"240","290","1668","549","1713","435","1524","2410","1473","726","1272","550","1092","1138","809","345","506","154","510","2147","402","949","90","1461","749","1553","1724","642","821","1722","572","697","920","1316","721"],["1320","1264","865","189","986","360","803","826","1143","1131","1475","155","240",0,"622","863","481","263","739","1104","1949","1488","435","1034","1287","713","411","725","510","594","340","443","1802","100","1347","1204","231","428","641","2455","915","1169","1000","426","763","807","887","165"],["521","607","1144","1729","166","1753","1282","883","1058","526","686","918","290","622",0,"1699","463","1315","794","703","2405","432","390","1038","768","721","1397","847","491","525","817","669","1171","492","732","123","661","1098","592","2285","586","739","529","488","580","878","598","745"],["387","636","1162","617","987","2099","1453","1568","371","1845","1583","953","1668","863","1699",0,"1492","1972","1402","371","1157","689","579","484","443","1969","504","1829","668","1250","1727","1547","999","1434","1260","925","1398","2089","875","2182","1356","1200","1925","1837","833","1148","1466","1393"],["115","644","950","503","541","666","217","1275","543","630","1633","1280","549","481","463","1492",0,"558","803","731","1446","720","928","273","1644","533","839","453","1463","560","916","861","1936","451","1255","1251","216","414","928","1891","846","676","645","579","180","1161","1581","700"],["1010","1049","304","828","1229","582","484","818","723","547","1427","651","1713","263","1315","1972","558",0,"551","1191","2523","908","1198","598","1908","1081","951","182","457","406","473","967","801","1539","1024","504","972","1073","2281","1114","569","892","1640","653","1878","1654","1263","1185"],["781","1199","222","631","554","585","420","311","552","983","2115","1183","435","739","794","1402","803","551",0,"235","2594","197","588","1589","1752","1210","609","308","774","1421","470","739","1897","618","1726","1283","1231","1173","1187","1395","1300","1286","476","1152","173","358","1794","1369"],["178","605","1511","1051","214","783","812","907","862","776","2385","1123","1524","1104","703","371","731","1191","235",0,"2043","985","700","568","1489","748","708","699","220","543","1119","630","742","511","983","805","396","1157","1508","2026","642","939","792","355","413","862","2300","1056"],["2699","1744","1490","896","1926","2568","1483","940","2091","967","2013","995","2410","1949","2405","1157","1446","2523","2594","2043",0,"1645","1802","2139","1176","2301","534","600","904","1584","1858","347","1550","1429","2166","1688","930","1963","781","1184","1506","2374","2264","2121","653","1986","2300","2571"],["1070","1399","699","1207","863","503","1137","331","456","649","982","1009","1473","1488","432","689","720","908","197","985","1645",0,"1079","455","2237","1604","831","821","902","341","455","1017","959","770","1181","374","676","1493","998","1872","285","1219","1023","1796","1467","879","1749","626"],["703","803","1025","949","1092","1341","630","90","813","939","1497","180","726","435","390","579","928","1198","588","700","1802","1079",0,"291","1166","1905","930","814","296","334","525","626","1745","1551","1111","596","548","721","739","2734","1060","1605","981","973","1501","334","1499","581"],["467","559","667","444","1061","400","262","309","547","966","685","796","1272","1034","1038","484","273","598","1589","568","2139","455","291",0,"1865","662","811","1723","942","242","704","238","492","254","795","751","1023","240","264","668","679","660","354","231","875","392","1057","466"],["2108","1614","229","1961","1146","2059","1240","1709","969","1744","1888","1704","550","1287","768","443","1644","1908","1752","1489","1176","2237","1166","1865",0,"1508","1500","727","2266","1898","1796","1650","1239","1019","826","1717","335","2179","1718","1030","1573","1890","2139","940","290","2520","2204","2151"],["1479","1018","1171","1122","838","1494","864","188","260","1815","2066","641","1092","713","721","1969","533","1081","1210","748","2301","1604","1905","662","1508",0,"957","761","609","1420","1560","1022","292","632","1760","1631","853","646","514","973","405","570","652","1374","2421","482","1592","1097"],["919","866","1425","1291","1735","985","369","594","388","623","2445","1004","1138","411","1397","504","839","951","609","708","534","831","930","811","1500","957",0,"140","1008","690","1780","309","1809","1761","736","235","486","454","1835","2367","972","879","1972","1525","1338","96","1446","361"],["259","1272","273","792","1486","83","1603","435","325","1051","1005","410","809","725","847","1829","453","182","308","699","600","821","814","1723","727","761","140",0,"330","1082","815","632","1941","699","919","1156","1353","587","2238","1787","745","676","1861","983","776","1227","1036","755"],["1306","1903","2377","882","645","1698","1461","642","428","490","1576","1057","345","510","491","668","1463","457","774","220","904","902","296","942","2266","609","1008","330",0,"2237","665","414","396","996","130","495","1327","429","138","2082","1210","1621","426","1056","776","905","356","695"],["375","335","252","1148","992","758","879","726","524","1222","1759","454","506","594","525","1250","560","406","1421","543","1584","341","334","242","1898","1420","690","1082","2237",0,"1169","798","2049","1304","1333","641","352","1251","194","1975","919","1580","393","2072","740","1212","1049","369"],["483","197","697","882","655","1727","214","1309","943","1029","2156","627","154","340","817","1727","916","473","470","1119","1858","455","525","704","1796","1560","1780","815","665","1169",0,"617","182","499","848","459","550","902","1326","1972","397","1032","325","238","161","1023","1456","251"],["1137","617","610","516","1159","1836","482","1033","723","1082","1885","815","510","443","669","1547","861","967","739","630","347","1017","626","238","1650","1022","309","632","414","798","617",0,"2119","1049","952","1364","626","670","1212","1943","1114","1315","583","358","819","837","1225","760"],["1298","1356","1480","802","831","562","667","1178","664","1359","1758","937","2147","1802","1171","999","1936","801","1897","742","1550","959","1745","492","1239","292","1809","1941","396","2049","182","2119",0,"1983","604","2203","442","1240","1042","1938","2198","2596","1374","2485","1427","882","1783","1438"],["660","820","884","1584","440","2394","882","1254","478","680","2708","1178","402","100","492","1434","451","1539","618","511","1429","770","1551","254","1019","632","1761","699","996","1304","499","1049","1983",0,"968","681","1531","587","268","2380","563","940","267","1496","1226","1370","1508","1457"],["445","2339","872","1039","1643","271","1698","1441","2085","424","2425","665","949","1347","732","1260","1255","1024","1726","983","2166","1181","1111","795","826","1760","736","919","130","1333","848","952","604","968",0,"1188","813","1152","898","1681","652","482","1241","1763","326","1087","1906","1716"],["949","999","546","959","216","443","902","343","1214","443","1836","548","90","1204","123","925","1251","504","1283","805","1688","374","596","751","1717","1631","235","1156","495","641","459","1364","2203","681","1188",0,"1176","613","923","959","847","701","238","229","1125","1124","346","516"],["853","1560","1157","552","932","598","674","741","591","236","945","921","1461","231","661","1398","216","972","1231","396","930","676","548","1023","335","853","486","1353","1327","352","550","626","442","1531","813","1176",0,"1163","604","678","582","1266","917","341","361","515","588","917"],["779","757","891","1110","1129","1038","485","1038","740","318","825","219","749","428","1098","2089","414","1073","1173","1157","1963","1493","721","240","2179","646","454","587","429","1251","902","670","1240","587","1152","613","1163",0,"1021","2101","1149","936","851","1692","578","453","1607","894"],["738","2435","2010","1600","220","1472","354","1828","1403","303","177","567","1553","641","592","875","928","2281","1187","1508","781","998","739","264","1718","514","1835","2238","138","194","1326","1212","1042","268","898","923","604","1021",0,"1475","2336","1038","796","603","519","861","595","2044"],["2117","701","678","1359","2408","2428","1021","1467","1376","1737","2493","1197","1724","2455","2285","2182","1891","1114","1395","2026","1184","1872","2734","668","1030","973","2367","1787","2082","1975","1972","1943","1938","2380","1681","959","678","2101","1475",0,"2114","1506","145","1785","2138","1867","2333","1369"],["205","397","1163","1011","1317","1579","604","780","1259","706","1286","235","642","915","586","1356","846","569","1300","642","1506","285","1060","679","1573","405","972","745","1210","919","397","1114","2198","563","652","847","582","1149","2336","2114",0,"754","835","961","820","565","1155","1153"],["715","1105","1183","999","927","1299","1100","483","325","833","1969","1447","821","1169","739","1200","676","892","1286","939","2374","1219","1605","660","1890","570","879","676","1621","1580","1032","1315","2596","940","482","701","1266","936","1038","1506","754",0,"225","533","1114","567","586","947"],["472","937","1052","849","1119","1019","590","107","869","1673","2063","1326","1722","1000","529","1925","645","1640","476","792","2264","1023","981","354","2139","652","1972","1861","426","393","325","583","1374","267","1241","238","917","851","796","145","835","225",0,"1335","1580","1358","1280","1617"],["1590","557","1479","702","1995","973","521","500","913","924","1239","818","572","426","488","1837","579","653","1152","355","2121","1796","973","231","940","1374","1525","983","1056","2072","238","358","2485","1496","1763","229","341","1692","603","1785","961","533","1335",0,"1252","1291","1690","1552"],["743","1473","400","1507","370","881","384","803","847","355","1969","442","697","763","580","833","180","1878","173","413","653","1467","1501","875","290","2421","1338","776","776","740","161","819","1427","1226","326","1125","361","578","519","2138","820","1114","1580","1252",0,"1474","1982","227"],["330","1094","663","1204","1095","1184","410","269","649","827","2439","316","920","807","878","1148","1161","1654","358","862","1986","879","334","392","2520","482","96","1227","905","1212","1023","837","882","1370","1087","1124","515","453","861","1867","565","567","1358","1291","1474",0,"1017","1769"],["1499","2145","2083","1776","1137","330","2202","1857","663","872","1304","1453","1316","887","598","1466","1581","1263","1794","2300","2300","1749","1499","1057","2204","1592","1446","1036","356","1049","1456","1225","1783","1508","1906","346","588","1607","595","2333","1155","586","1280","1690","1982","1017",0,"357"],["344","538","177","507","429","1007","976","316","780","504","1849","767","721","165","745","1393","700","1185","1369","1056","2571","626","581","466","2151","1097","361","755","695","369","251","760","1438","1457","1716","516","917","894","2044","1369","1153","947","1617","1552","227","1769","357",0]],"currentBestA":901239123091209500000,"currentBestB":901239123091209500000,"rawdata":"","rawpos":"","filelocation":"data/AISearchfile048.json"}