{"title":"AISearchfile042","location":"cityfiles/AISearchfile042.txt","size":"42","matrix":[[0,"44","66","21","147","46","18","25","110","105","185","79","179","42","122","107","102","76","146","70","60","57","33","64","66","159","40","98","61","48","155","51","83","60","71","70","74","47","35","60","133","36"],["44",0,"50","65","34","48","20","20","30","109","38","115","43","83","141","90","46","43","103","53","92","36","28","113","81","71","34","136","64","36","49","91","51","91","99","61","31","105","51","62","60","24"],["66","50",0,"117","50","96","3","15","48","77","48","110","34","43","34","115","93","30","30","97","105","71","9","192","63","36","32","45","42","44","32","113","91","50","83","91","41","186","97","72","33","36"],["21","65","117",0,"125","33","6","15","144","62","157","79","156","45","67","67","171","35","97","53","91","30","27","12","62","95","38","60","33","45","139","87","166","40","82","59","18","3","29","66","113","45"],["147","34","50","125",0,"178","5","27","85","59","114","28","118","32","63","48","80","78","69","77","64","172","55","188","43","84","59","57","75","27","73","51","44","49","36","72","90","176","151","45","78","69"],["46","48","96","33","178",0,"12","29","176","73","151","64","131","38","102","67","137","34","108","72","73","45","24","41","75","135","54","103","20","49","163","53","99","34","69","54","41","41","35","46","159","34"],["18","20","3","6","5","12",0,"8","29","35","21","11","30","8","27","40","8","21","21","5","20","17","45","6","20","31","15","10","11","17","22","12","11","12","23","10","9","25","9","6","26","9"],["25","20","15","15","27","29","8",0,"32","76","49","26","50","28","31","49","37","14","48","15","21","13","39","32","24","26","21","41","23","20","45","30","12","15","41","17","30","32","21","18","43","47"],["110","30","48","144","85","176","29","32",0,"22","89","35","44","26","28","23","77","62","34","102","63","136","54","180","105","41","99","29","60","88","48","66","89","44","69","74","83","144","176","56","53","81"],["105","109","77","62","59","73","35","76","22",0,"60","185","78","93","170","181","29","101","101","150","119","99","85","107","144","138","120","187","113","124","106","126","47","123","140","142","85","88","65","135","140","99"],["185","38","48","157","114","151","21","49","89","60",0,"50","117","36","68","61","36","89","83","49","47","172","70","167","42","80","30","62","86","60","122","53","46","63","34","82","130","182","129","77","77","62"],["79","115","110","79","28","64","11","26","35","185","50",0,"84","108","124","145","77","79","111","66","88","65","46","77","117","129","61","146","67","68","105","75","116","86","108","71","86","108","70","77","126","51"],["179","43","34","156","118","131","30","50","44","78","117","84",0,"51","94","77","40","121","96","64","46","148","68","140","56","94","58","80","97","87","137","56","46","76","77","65","164","161","161","90","139","36"],["42","83","43","45","32","38","8","28","26","93","36","108","51",0,"140","126","22","44","142","64","42","30","28","111","60","106","27","112","97","36","63","85","38","89","88","66","41","83","46","39","75","31"],["122","141","34","67","63","102","27","31","28","170","68","124","94","140",0,"120","21","136","142","110","59","121","34","90","115","178","72","161","104","90","123","96","27","123","130","104","134","78","101","105","142","62"],["107","90","115","67","48","67","40","49","23","181","61","145","77","126","120",0,"40","75","104","108","115","71","63","114","104","143","88","191","90","99","106","98","78","109","149","114","84","101","65","106","130","84"],["102","46","93","171","80","137","8","37","77","29","36","77","40","22","21","40",0,"44","19","84","62","98","40","147","111","27","87","14","56","107","46","71","87","39","114","64","64","164","171","96","34","60"],["76","43","30","35","78","34","21","14","62","101","89","79","121","44","136","75","44",0,"108","50","23","46","14","61","54","127","39","124","74","43","159","35","39","81","81","42","67","55","18","46","155","23"],["146","103","30","97","69","108","21","48","34","101","83","111","96","142","142","104","19","108",0,"85","46","124","53","87","91","174","59","146","128","51","120","71","32","150","97","86","146","86","102","75","186","29"],["70","53","97","53","77","72","5","15","102","150","49","66","64","64","110","108","84","50","85",0,"79","67","22","98","81","118","25","142","62","20","86","62","66","78","107","62","47","86","58","66","118","31"],["60","92","105","91","64","73","20","21","63","119","47","88","46","42","59","115","62","23","46","79",0,"52","33","186","98","48","42","85","56","36","49","111","106","55","66","59","32","147","93","31","54","28"],["57","36","71","30","172","45","17","13","136","99","172","65","148","30","121","71","98","46","124","67","52",0,"23","53","63","147","37","97","41","38","126","47","93","25","59","62","59","37","37","46","158","43"],["33","28","9","27","55","24","45","39","54","85","70","46","68","28","34","63","40","14","53","22","33","23",0,"38","35","35","49","81","25","21","42","29","39","24","46","26","24","41","38","17","58","37"],["64","113","192","12","188","41","6","32","180","107","167","77","140","111","90","114","147","61","87","98","186","53","38",0,"92","90","60","94","66","77","124","150","166","84","86","80","61","5","55","74","119","48"],["66","81","63","62","43","75","20","24","105","144","42","117","56","60","115","104","111","54","91","81","98","63","35","92",0,"117","50","156","82","44","104","85","84","71","103","81","52","80","78","40","128","41"],["159","71","36","95","84","135","31","26","41","138","80","129","94","106","178","143","27","127","174","118","48","147","35","90","117",0,"54","133","155","84","165","59","29","155","123","107","114","116","118","83","185","46"],["40","34","32","38","59","54","15","21","99","120","30","61","58","27","72","88","87","39","59","25","42","37","49","60","50","54",0,"105","40","61","82","39","47","44","63","15","32","71","41","60","69","50"],["98","136","45","60","57","103","10","41","29","187","62","146","80","112","161","191","14","124","146","142","85","97","81","94","156","133","105",0,"128","125","124","130","36","100","150","137","111","84","71","130","143","90"],["61","64","42","33","75","20","11","23","60","113","86","67","97","97","104","90","56","74","128","62","56","41","25","66","82","155","40","128",0,"53","126","63","49","95","76","59","69","58","34","49","160","29"],["48","36","44","45","27","49","17","20","88","124","60","68","87","36","90","99","107","43","51","20","36","38","21","77","44","84","61","125","53",0,"93","53","75","39","72","60","49","64","62","58","72","62"],["155","49","32","139","73","163","22","45","48","106","122","105","137","63","123","106","46","159","120","86","49","126","42","124","104","165","82","124","126","93",0,"61","30","87","110","97","160","134","163","71","164","62"],["51","91","113","87","51","53","12","30","66","126","53","75","56","85","96","98","71","35","71","62","111","47","29","150","85","59","39","130","63","53","61",0,"69","55","98","38","25","109","70","47","57","42"],["83","51","91","166","44","99","11","12","89","47","46","116","46","38","27","78","87","39","32","66","106","93","39","166","84","29","47","36","49","75","30","69",0,"34","112","98","46","188","134","95","28","36"],["60","91","50","40","49","34","12","15","44","123","63","86","76","89","123","109","39","81","150","78","55","25","24","84","71","155","44","100","95","39","87","55","34",0,"62","52","42","63","36","49","120","35"],["71","99","83","82","36","69","23","41","69","140","34","108","77","88","130","149","114","81","97","107","66","59","46","86","103","123","63","150","76","72","110","98","112","62",0,"62","59","88","84","67","124","57"],["70","61","91","59","72","54","10","17","74","142","82","71","65","66","104","114","64","42","86","62","59","62","26","80","81","107","15","137","59","60","97","38","98","52","62",0,"51","92","50","59","93","20"],["74","31","41","18","90","41","9","30","83","85","130","86","164","41","134","84","64","67","146","47","32","59","24","61","52","114","32","111","69","49","160","25","46","42","59","51",0,"57","26","53","133","24"],["47","105","186","3","176","41","25","32","144","88","182","108","161","83","78","101","164","55","86","86","147","37","41","5","80","116","71","84","58","64","134","109","188","63","88","92","57",0,"11","71","119","54"],["35","51","97","29","151","35","9","21","176","65","129","70","161","46","101","65","171","18","102","58","93","37","38","55","78","118","41","71","34","62","163","70","134","36","84","50","26","11",0,"56","139","32"],["60","62","72","66","45","46","6","18","56","135","77","77","90","39","105","106","96","46","75","66","31","46","17","74","40","83","60","130","49","58","71","47","95","49","67","59","53","71","56",0,"101","16"],["133","60","33","113","78","159","26","43","53","140","77","126","139","75","142","130","34","155","186","118","54","158","58","119","128","185","69","143","160","72","164","57","28","120","124","93","133","119","139","101",0,"58"],["36","24","36","45","69","34","9","47","81","99","62","51","36","31","62","84","60","23","29","31","28","43","37","48","41","46","50","90","29","62","62","42","36","35","57","20","24","54","32","16","58",0]],"currentBestA":901239123091209500000,"currentBestB":901239123091209500000,"rawdata":"","rawpos":"","filelocation":"data/AISearchfile042.json"}