{"title":"AISearchfile017","location":"cityfiles/AISearchfile017.txt","size":"17","matrix":[[0,"36","301","238","142","35","236","390","336","29","121","55","297","96","84","518","153"],["36",0,"175","372","243","282","259","555","249","505","332","338","437","264","27","123","232"],["301","175",0,"150","326","208","154","572","383","196","542","412","297","227","68","240","169"],["238","372","150",0,"108","61","530","80","267","476","685","488","329","112","47","383","120"],["142","243","326","108",0,"74","105","150","145","182","745","336","466","184","211","268","391"],["35","282","208","61","74",0,"110","324","154","353","528","292","324","250","567","239","352"],["236","259","154","530","105","110",0,"134","29","289","349","105","240","309","346","207","34"],["390","555","572","80","150","324","134",0,"63","262","202","196","421","77","83","165","351"],["336","249","383","267","145","154","29","63",0,"495","483","228","435","390","254","57","633"],["29","505","196","476","182","353","289","262","495",0,"364","360","638","444","191","199","402"],["121","332","542","685","745","528","349","202","483","364",0,"157","237","289","472","246","426"],["55","338","412","488","336","292","105","196","228","360","157",0,"314","91","189","140","661"],["297","437","297","329","466","324","240","421","435","638","237","314",0,"95","70","53","578"],["96","264","227","112","184","250","309","77","390","444","289","91","95",0,"439","448","257"],["84","27","68","47","211","567","346","83","254","191","472","189","70","439",0,"420","287"],["518","123","240","383","268","239","207","165","57","199","246","140","53","448","420",0,"202"],["153","232","169","120","391","352","34","351","633","402","426","661","578","257","287","202",0]],"currentBestA":901239123091209500000,"currentBestB":901239123091209500000,"rawdata":"","rawpos":"","filelocation":"data/AISearchfile017.json"}