{"title":"AISearchfile021","location":"cityfiles/AISearchfile021.txt","size":"21","matrix":[[0,"160","475","345","405","205","570","91","365","865","97","395","285","415","120","215","385","605","67","280","400"],["160",0,"430","575","600","125","63","175","155","705","640","150","555","535","380","440","200","240","440","240","320"],["475","430",0,"600","485","475","110","495","280","590","500","425","645","120","295","380","155","240","91","105","175"],["345","575","600",0,"160","265","465","415","380","81","455","480","480","295","440","625","245","170","435","340","440"],["405","600","485","160",0,"750","170","375","240","265","125","240","495","87","235","170","525","315","220","140","445"],["205","125","475","265","750",0,"230","715","125","420","165","140","480","650","200","270","310","475","235","480","255"],["570","63","110","465","170","230",0,"78","700","605","130","390","625","320","605","310","480","96","320","280","150"],["91","175","495","415","375","715","78",0,"350","250","285","205","515","635","350","190","585","355","430","165","435"],["365","155","280","380","240","125","700","350",0,"360","320","515","585","370","370","420","590","625","68","185","370"],["865","705","590","81","265","420","605","250","360",0,"835","205","655","480","520","660","610","545","610","370","235"],["97","640","500","455","125","165","130","285","320","835",0,"170","615","36","490","77","540","29","27","345","680"],["395","150","425","480","240","140","390","205","515","205","170",0,"255","220","100","290","255","155","220","380","590"],["285","555","645","480","495","480","625","515","585","655","615","255",0,"585","750","345","775","190","235","350","755"],["415","535","120","295","87","650","320","635","370","480","36","220","585",0,"425","545","390","510","300","305","385"],["120","380","295","440","235","200","605","350","370","520","490","100","750","425",0,"690","460","390","575","310","350"],["215","440","380","625","170","270","310","190","420","660","77","290","345","545","690",0,"180","225","430","495","450"],["385","200","155","245","525","310","480","585","590","610","540","255","775","390","460","180",0,"350","48","380","265"],["605","240","240","170","315","475","96","355","625","545","29","155","190","510","390","225","350",0,"90","150","485"],["67","440","91","435","220","235","320","430","68","610","27","220","235","300","575","430","48","90",0,"505","650"],["280","240","105","340","140","480","280","165","185","370","345","380","350","305","310","495","380","150","505",0,"280"],["400","320","175","440","445","255","150","435","370","235","680","590","755","385","350","450","265","485","650","280",0]],"currentBestA":901239123091209500000,"currentBestB":901239123091209500000,"rawdata":"","rawpos":"","filelocation":"data/AISearchfile021.json"}