{"title":"AISearchfile058","location":"cityfiles/AISearchfile058.txt","size":"58","matrix":[[0,"4041","300","1356","1505","4002","1293","2686","3319","1475","1444","2899","1802","1016","4503","4604","4004","606","3828","1638","229","965","4065","1352","262","394","1931","4320","1811","547","2293","1493","1959","3716","2624","4971","908","1935","4148","1200","3433","2087","730","257","855","5756","1839","1139","4501","1932","354","2288","1637","2082","1423","4128","1849","4092"],["4041",0,"4204","2721","2780","4848","3070","1141","839","2559","2734","1211","2409","3180","800","5330","135","3441","257","2597","4270","3072","1146","2753","4306","3744","2651","297","2740","3639","1750","3065","2068","512","3338","5687","3200","3380","125","3585","953","2414","3371","3784","3316","6472","2568","2649","1582","1889","3935","2217","2209","2130","2658","184","2923","2083"],["300","4204",0,"1489","1882","4144","1635","3082","3490","1637","1606","2986","1967","1240","4673","4678","4155","1494","3999","1795","254","1126","4181","1514","760","771","2076","4491","2072","413","2454","1717","2130","3870","2698","5045","1274","2009","4319","1185","3604","2199","1096","634","1232","5830","1972","1535","4617","2328","312","2400","2033","2243","1584","4504","1797","4208"],["1356","2721","1489",0,"407","3145","577","1610","2274","86","243","1434","554","506","3199","3750","2667","702","2527","391","1668","392","2864","170","1717","1059","662","3008","508","802","1093","602","658","2430","1770","4117","528","1081","2836","1118","2388","991","691","1099","722","4902","558","72","3299","856","1340","1087","570","772","170","2985","520","3008"],["1505","2780","1882","407",0,"2902","287","1990","2066","334","158","1557","771","439","3333","3436","2915","909","2575","276","1740","5410","2699","235","1776","1119","546","3067","314","1102","1030","287","706","2713","1451","3803","670","760","2895","578","2182","721","846","1248","791","4588","451","337","3135","2699","1395","922","835","1050","217","2991","279","2730"],["4002","4848","4144","3145","2902",0,"2808","4038","4068","3236","2942","3718","3481","3061","4962","544","4701","3535","4549","2761","4505","3190","4328","3083","4408","3752","2513","5060","2959","3579","3385","2590","3060","4316","1456","901","3314","2149","4959","3024","4182","2388","3495","3825","3440","1686","2613","3073","4764","3590","3875","2551","3307","4265","3140","4835","2667","4391"],["1293","3070","1635","577","287","2808",0,"2058","2356","623","354","2266","949","274","3487","3342","3120","758","2865","447","837","390","2889","523","1564","968","728","3036","599","478","1546","366","996","2878","1362","3709","519","673","3185","520","2470","875","652","1036","640","4494","631","525","3325","1304","708","1112","1023","1225","455","3219","367","2884"],["2686","1141","3082","1610","1990","4038","2058",0,"452","1612","1841","259","1275","2057","1647","4572","1267","2324","936","1849","3143","2094","1422","1642","3346","2693","1811","1428","1950","2517","801","2123","1116","669","2582","4929","2083","2624","1256","2627","564","1612","2393","2806","2336","5724","1748","1542","1869","754","2805","1461","1252","1002","1702","1377","2020","2368"],["3319","839","3490","2274","2066","4068","2356","452",0,"1870","2020","522","1720","2466","1385","4642","815","2727","656","1883","3556","2379","1170","1960","3590","3047","1917","1126","2026","2925","1061","2351","1354","367","2650","4999","2486","2692","954","2871","114","1726","2678","3070","2620","5784","1854","1954","1601","1226","3221","1529","1524","1441","1944","925","2235","2107"],["1475","2559","1637","86","334","3236","623","1612","1870",0,"268","1339","339","625","3032","3770","2606","879","2354","416","1693","511","2859","199","1742","1079","692","2846","532","1072","887","688","563","2087","1790","4137","640","1101","2644","1143","1984","983","810","1218","761","4922","588","97","3295","858","1355","1083","523","618","169","2831","543","3006"],["1444","2734","1606","243","158","2942","354","1841","2020","268",0,"2049","567","594","3201","3476","2766","848","2529","148","1672","480","2777","107","1716","1153","419","3021","359","1041","984","329","660","2251","1491","3843","609","941","2849","842","2134","774","1079","1187","730","4628","315","171","3213","1087","1335","1000","669","871","75","2883","287","2934"],["2899","1211","2986","1434","1557","3718","2266","259","522","1339","2049",0,"1123","1974","1681","4252","1337","2532","1006","2042","3351","1860","1446","1543","3554","2901","1408","1498","1517","2725","1394","2331","851","739","2278","4619","1189","2286","1326","2951","636","1350","2159","2570","2098","5404","1345","1441","1882","962","3033","1199","1460","1210","1435","1447","1878","2390"],["1802","2409","1967","554","771","3481","949","1275","1720","339","567","1123",0,"971","2804","4015","2267","1210","2204","722","2037","846","2571","533","2073","1420","993","2696","856","1402","600","1014","434","1937","2035","4615","969","1433","2524","1470","1834","1348","1140","1553","1063","5167","889","429","3004","527","1698","1145","184","279","502","2492","852","3236"],["1016","3180","1240","506","439","3061","274","2057","2466","625","594","1974","971",0,"3635","3595","3134","482","2975","635","1306","114","3066","502","1350","692","1064","3467","1060","675","1542","705","1106","2878","1615","3962","243","926","3295","524","2580","1109","374","759","364","4747","960","524","3502","1303","968","1289","1022","1231","572","3277","705","3093"],["4503","800","4673","3199","3333","4962","3487","1647","1385","3032","3201","1681","2804","3635",0,"5536","817","3906","1052","3064","4739","3542","634","3209","4774","4116","2846","537","3104","4108","2217","3366","2535","1302","3544","5893","3665","3586","693","3998","1273","2620","3841","4249","3786","6678","2948","3122","1070","2395","4401","2423","2676","2636","3125","681","3129","1571"],["4604","5330","4678","3750","3436","544","3342","4572","4642","3770","3476","4252","4015","3595","5536",0,"5274","4069","5123","3294","4739","3724","4902","3617","4947","4291","3047","5634","3538","4113","3919","3124","3594","4850","1990","1445","3848","2688","5533","3558","4756","2922","4029","4359","3974","2230","3147","3607","5338","4124","4409","3125","3841","4799","3674","4875","3201","4925"],["4004","135","4155","2667","2915","4701","3120","1267","815","2606","2766","1337","2267","3134","817","5274",0,"3397","211","2914","4221","3029","1011","2697","4265","3607","2623","366","2875","3590","1876","3185","2089","464","3283","5632","3158","3322","200","3600","931","2359","3328","3736","3451","6417","2563","2595","1451","1834","3883","2162","2339","2265","2793","147","3043","1958"],["606","3441","1494","702","909","3535","758","2324","2727","879","848","2532","1210","482","3906","4069","3397",0,"3236","1037","851","368","3493","756","887","224","1311","4225","1214","283","2243","959","1367","3124","2089","4436","432","1398","3551","788","2841","1495","254","359","189","5221","1214","777","3929","1570","701","1716","1275","1485","826","3531","1039","3500"],["3828","257","3999","2527","2575","4549","2865","936","656","2354","2529","1006","2204","2975","1052","5123","211","3236",0,"2392","4065","2866","1172","2537","4099","3547","2305","549","2535","3434","1545","2860","1863","307","3131","5480","2995","3173","372","3380","770","2211","3165","3579","3110","6265","2406","2444","1608","1684","3730","2010","2004","1925","2453","343","2619","2109"],["1638","2597","1795","391","276","2761","447","1849","1883","416","148","2042","722","635","3064","3294","2914","1037","2392",0,"1783","669","2492","217","1905","1301","282","2884","98","1230","847","432","523","2515","1310","3662","798","894","2712","892","1997","607","968","1381","919","4447","184","319","2928","1095","1423","715","783","1019","227","2746","192","2543"],["229","4270","254","1668","1740","4505","837","3143","3556","1693","1672","3351","2037","1306","4739","4739","4221","851","4065","1783",0,"1192","4243","1580","607","629","2134","4557","1733","435","2510","1783","2196","3936","2759","5106","1138","2070","4385","1438","3670","2265","960","492","1090","5891","2038","1596","4679","2389","273","2466","2094","2309","1650","4362","1863","4274"],["965","3072","1126","392","5410","3190","390","2094","2379","511","480","1860","846","114","3542","3724","3029","368","2866","669","1192",0,"3129","388","1236","578","950","3359","846","561","1328","591","1003","2601","1734","4091","129","1041","3187","638","2267","1202","300","711","250","4876","846","408","3565","1347","854","1352","915","1117","458","3163","671","3207"],["4065","1146","4181","2864","2699","4328","2889","1422","1170","2859","2777","1446","2571","3066","634","4902","1011","3493","1172","2492","4243","3129",0,"2770","4036","3683","2213","1171","2470","3616","1994","2732","2493","1425","2910","5259","3315","2952","1233","3365","1284","1986","3428","3816","3430","6044","2314","2791","446","2105","3908","1789","2742","2413","2700","1103","2495","947"],["1352","2753","1514","170","235","3083","523","1642","1960","199","107","1543","533","502","3209","3617","2697","756","2537","217","1580","388","2770",0,"1747","967","497","3162","335","949","992","488","668","2263","1639","3986","517","950","2857","976","2074","880","687","1095","754","4771","389","102","3206","888","942","960","600","802","80","2891","342","3026"],["262","4306","760","1717","1776","4408","1564","3346","3590","1742","1716","3554","2073","1350","4774","4947","4265","887","4099","1905","607","1236","4036","1747",0,"665","2179","4591","2185","818","2654","1827","2230","3987","2957","5304","1177","2266","4589","1471","3706","2358","992","528","1126","6089","2082","1645","4772","2592","562","2559","2151","2353","1694","4399","2093","4363"],["394","3744","771","1059","1119","3752","968","2693","3047","1079","1153","2901","1420","692","4116","4291","3607","224","3547","1301","629","578","3683","967","665",0,"1421","4020","1424","176","1901","1169","1577","3334","2300","4648","652","1609","3848","1216","2845","1705","474","137","347","5423","1424","982","4119","1939","479","1906","1480","1695","1036","3741","1249","3710"],["1931","2651","2076","662","546","2513","728","1811","1917","692","419","1408","993","1064","2846","3047","2623","1311","2305","282","2134","950","2213","497","2179","1421",0,"2918","234","1511","881","589","557","2166","1062","3414","1078","964","2746","1174","2031","359","1249","1672","1191","4199","112","590","2649","1057","1798","436","817","1248","508","2655","288","2364"],["4320","297","4491","3008","3067","5060","3036","1428","1126","2846","3021","1498","2696","3467","537","5634","366","4225","549","2884","4557","3359","1171","3162","4591","4020","2918",0,"3027","3926","2037","3352","2355","799","3642","5991","3487","3684","190","3872","1240","2718","3658","4171","3603","6776","2855","2936","1607","2176","4222","2521","2496","2417","2945","228","3114","2108"],["1811","2740","2072","508","314","2959","599","1950","2026","532","359","1517","856","1060","3104","3538","2875","1214","2535","98","1733","846","2470","335","2185","1424","234","3027",0,"1407","990","394","666","2635","1193","3860","975","772","2855","1484","2142","490","1127","1557","1096","4645","137","435","2906","1196","1710","693","926","1135","287","2889","194","2636"],["547","3639","413","802","1102","3579","478","2517","2925","1072","1041","2725","1402","675","4108","4113","3590","283","3434","1230","435","561","3616","949","818","176","1511","3926","1407",0,"1889","1152","1565","3305","2133","4480","709","1444","3754","938","3039","1634","531","290","489","5265","1407","970","4052","1763","213","1839","1468","1678","1019","3724","1232","3643"],["2293","1750","2454","1093","1030","3385","1546","801","1061","887","984","1394","600","1542","2217","3919","1876","2243","1545","847","2510","1328","1994","992","2654","1901","881","2037","990","1889",0,"1315","324","1278","1939","4286","1450","2553","1865","1835","1175","1238","1627","2040","1671","5071","818","1021","2425","432","2182","1030","554","456","908","1934","1074","2922"],["1493","3065","1717","602","287","2590","366","2123","2351","688","329","2331","1014","705","3366","3124","3185","959","2860","432","1783","591","2732","488","1827","1169","589","3352","394","1152","1315",0,"991","2963","1144","3491","720","455","3180","607","2465","754","856","1236","841","4276","498","590","3168","1369","1445","955","1088","1290","560","3214","345","2763"],["1959","2068","2130","658","706","3060","996","1116","1354","563","660","851","434","1106","2535","3594","2089","1367","1863","523","2196","1003","2493","668","2230","1577","557","2355","666","1565","324","991",0,"1600","1609","3961","1126","1442","2183","1511","1260","908","1297","1710","1247","4746","494","586","2929","524","1861","716","260","694","584","2223","750","2824"],["3716","512","3870","2430","2713","4316","2878","669","367","2087","2251","739","1937","2878","1302","4850","464","3124","307","2515","3936","2601","1425","2263","3987","3334","2166","799","2635","3305","1278","2963","1600",0,"2870","5217","2878","2906","627","3399","330","1946","3049","3467","2845","6002","2266","2358","1861","1417","3601","1743","1737","1658","2182","594","2691","2437"],["2624","3338","2698","1770","1451","1456","1362","2582","2650","1790","1491","2278","2035","1615","3544","1990","3283","2089","3131","1310","2759","1734","2910","1639","2957","2300","1062","3642","1193","2133","1939","1144","1609","2870",0,"2357","1868","693","3304","1578","2543","932","2044","2379","1989","3142","1162","1622","3346","2139","2429","1133","1861","2819","1694","3417","1216","2941"],["4971","5687","5045","4117","3803","901","3709","4929","4999","4137","3843","4619","4615","3962","5893","1445","5632","4436","5480","3662","5106","4091","5259","3986","5304","4648","3414","5991","3860","4480","4286","3491","3961","5217","2357",0,"4215","3045","5890","3925","5113","3289","4396","4791","4341","785","3514","3969","5695","4708","4776","3482","4208","5166","4041","5766","3568","5298"],["908","3200","1274","528","670","3314","519","2083","2486","640","609","1189","969","243","3665","3848","3158","432","2995","798","1138","129","3315","517","1177","652","1078","3487","975","709","1450","720","1126","2878","1868","4215",0,"1177","3310","767","2600","1332","178","639","124","5000","975","536","3751","1329","984","1538","1044","1246","587","3402","800","3336"],["1935","3380","2009","1081","760","2149","673","2624","2692","1101","941","2286","1433","926","3586","2688","3322","1398","3173","894","2070","1041","2952","950","2266","1609","964","3684","772","1444","2553","455","1442","2906","693","3045","1177",0,"3583","887","2585","974","1353","1686","1298","3830","1063","1009","3388","1972","1740","1175","1488","2128","1004","3459","696","2973"],["4148","125","4319","2836","2895","4959","3185","1256","954","2644","2849","1326","2524","3295","693","5533","200","3551","372","2712","4385","3187","1233","2857","4589","3848","2746","190","2855","3754","1865","3180","2183","627","3304","5890","3310","3583",0,"3846","1068","2617","3486","3899","3431","6675","2683","2764","1669","2004","4050","2420","2324","2245","2773","130","2939","2170"],["1200","3585","1185","1118","578","3024","520","2627","2871","1143","842","2951","1470","524","3998","3558","3600","788","3380","892","1438","638","3365","976","1471","1216","1174","3872","1484","938","1835","607","1511","3399","1578","3925","767","887","3846",0,"2905","1383","945","943","888","4720","1076","1046","3801","1989","1288","1588","1771","1755","1096","3734","742","3392"],["3433","953","3604","2388","2182","4182","2470","564","114","1984","2134","636","1834","2580","1273","4756","931","2841","770","1997","3670","2267","1284","2074","3706","2845","2031","1240","2142","3039","1175","2465","1260","330","2543","5113","2600","2585","1068","2905",0,"1619","2566","3184","2736","5676","1968","2068","1715","1340","3335","1422","1638","1557","1844","924","2349","1991"],["2087","2414","2199","991","721","2388","875","1612","1726","983","774","1350","1348","1109","2620","2922","2359","1495","2211","607","2265","1202","1986","880","2358","1705","359","2718","490","1634","1238","754","908","1946","932","3289","1332","974","2617","1383","1619",0,"1507","1838","1452","4074","459","919","2422","1438","1930","209","1174","1608","827","2493","517","2013"],["730","3371","1096","691","846","3495","652","2393","2678","810","1079","2159","1140","374","3841","4029","3328","254","3165","968","960","300","3428","687","992","474","1249","3658","1127","531","1627","856","1297","3049","2044","4396","178","1353","3486","945","2566","1507",0,"476","138","5181","1145","707","3864","1646","806","1651","1214","1416","757","3462","978","3512"],["257","3784","634","1099","1248","3825","1036","2806","3070","1218","1187","2570","1553","759","4249","4359","3736","359","3579","1381","492","711","3816","1095","528","137","1672","4171","1557","290","2040","1236","1710","3467","2379","4791","639","1686","3899","943","3184","1838","476",0,"598","5511","1560","1115","4252","1908","342","2039","1627","1824","1165","3870","1592","3843"],["855","3316","1232","722","791","3440","640","2336","2620","761","730","2098","1063","364","3786","3974","3451","189","3110","919","1090","250","3430","754","1126","347","1191","3603","1096","489","1671","841","1247","2845","1989","4341","124","1298","3431","888","2736","1452","138","598",0,"5126","1096","652","3866","1582","940","1653","1165","1342","708","3545","921","3457"],["5756","6472","5830","4902","4588","1686","4494","5724","5784","4922","4628","5404","5167","4747","6678","2230","6417","5221","6265","4447","5891","4876","6044","4771","6089","5423","4199","6776","4645","5265","5071","4276","4746","6002","3142","785","5000","3830","6675","4720","5676","4074","5181","5511","5126",0,"4299","4759","6480","5271","5561","4267","4993","5951","4826","6553","4353","6083"],["1839","2568","1972","558","451","2613","631","1748","1854","588","315","1345","889","960","2948","3147","2563","1214","2406","184","2038","846","2314","389","2082","1424","112","2855","137","1407","818","498","494","2266","1162","3514","975","1063","2683","1076","1968","459","1145","1560","1096","4299",0,"486","2750","994","1700","537","754","1188","411","2717","239","2464"],["1139","2649","1535","72","337","3073","525","1542","1954","97","171","1441","429","524","3122","3607","2595","777","2444","319","1596","408","2791","102","1645","982","590","2936","435","970","1021","590","586","2358","1622","3969","536","1009","2764","1046","2068","919","707","1115","652","4759","486",0,"3227","8700","1258","1015","498","700","98","2913","448","2936"],["4501","1582","4617","3299","3135","4764","3325","1869","1601","3295","3213","1882","3004","3502","1070","5338","1451","3929","1608","2928","4679","3565","446","3206","4772","4119","2649","1607","2906","4052","2425","3168","2929","1861","3346","5695","3751","3388","1669","3801","1715","2422","3864","4252","3866","6480","2750","3227",0,"2417","4344","2225","3178","2844","3136","1544","2931","806"],["1932","1889","2328","856","2699","3590","1304","754","1226","858","1087","962","527","1303","2395","4124","1834","1570","1684","1095","2389","1347","2105","888","2592","1939","1057","2176","1196","1763","432","1369","524","1417","2139","4708","1329","1972","2004","1989","1340","1438","1646","1908","1582","5271","994","8700","2417",0,"2051","1238","498","248","948","1972","1266","3116"],["354","3935","312","1340","1395","3875","708","2805","3221","1355","1335","3033","1698","968","4401","4409","3883","701","3730","1423","273","854","3908","942","562","479","1798","4222","1710","213","2182","1445","1861","3601","2429","4776","984","1740","4050","1288","3335","1930","806","342","940","5561","1700","1258","4344","2051",0,"2131","1756","1971","1312","4017","1525","3939"],["2288","2217","2400","1087","922","2551","1112","1461","1529","1083","1000","1199","1145","1289","2423","3125","2162","1716","2010","715","2466","1352","1789","960","2559","1906","436","2521","693","1839","1030","955","716","1743","1133","3482","1538","1175","2420","1588","1422","209","1651","2039","1653","4267","537","1015","2225","1238","2131",0,"965","1282","923","2296","718","2120"],["1637","2209","2033","570","835","3307","1023","1252","1524","523","669","1460","184","1022","2676","3841","2339","1275","2004","783","2094","915","2742","600","2151","1480","817","2496","926","1468","554","1088","260","1737","1861","4208","1044","1488","2324","1771","1638","1174","1214","1627","1165","4993","754","498","3178","498","1756","965",0,"257","844","2449","946","3503"],["2082","2130","2243","772","1050","4265","1225","1002","1441","618","871","1210","279","1231","2636","4799","2265","1485","1925","1019","2309","1117","2413","802","2353","1695","1248","2417","1135","1678","456","1290","694","1658","2819","5166","1246","2128","2245","1755","1557","1608","1416","1824","1342","5951","1188","700","2844","248","1971","1282","257",0,"781","2366","1148","3937"],["1423","2658","1584","170","217","3140","455","1702","1944","169","75","1435","502","572","3125","3674","2793","826","2453","227","1650","458","2700","80","1694","1036","508","2945","287","1019","908","560","584","2182","1694","4041","587","1004","2773","1096","1844","827","757","1165","708","4826","411","98","3136","948","1312","923","844","781",0,"2869","383","2844"],["4128","184","4504","2985","2991","4835","3219","1377","925","2831","2883","1447","2492","3277","681","4875","147","3531","343","2746","4362","3163","1103","2891","4399","3741","2655","228","2889","3724","1934","3214","2223","594","3417","5766","3402","3459","130","3734","924","2493","3462","3870","3545","6553","2717","2913","1544","1972","4017","2296","2449","2366","2869",0,"2973","2040"],["1849","2923","1797","520","279","2667","367","2020","2235","543","287","1878","852","705","3129","3201","3043","1039","2619","192","1863","671","2495","342","2093","1249","288","3114","194","1232","1074","345","750","2691","1216","3568","800","696","2939","742","2349","517","978","1592","921","4353","239","448","2931","1266","1525","718","946","1148","383","2973",0,"2522"],["4092","2083","4208","3008","2730","4391","2884","2368","2107","3006","2934","2390","3236","3093","1571","4925","1958","3500","2109","2543","4274","3207","947","3026","4363","3710","2364","2108","2636","3643","2922","2763","2824","2437","2941","5298","3336","2973","2170","3392","1991","2013","3512","3843","3457","6083","2464","2936","806","3116","3939","2120","3503","3937","2844","2040","2522",0]],"currentBestA":901239123091209500000,"currentBestB":901239123091209500000,"rawdata":"","rawpos":"","filelocation":"data/AISearchfile058.json"}